-- <- these are comments and symbol separators 
-- 
-- This file was created manually by looking at:
-- https://fontstruct.com/fontstructions/show/1724841/hd44780-5x8
--
-- space --
     







-- ! --
  1
  1
  1
  1


  1

-- " --
 1 1
 1 1
 1 1





-- # --
 1 1
 1 1
11111
 1 1
11111
 1 1
 1 1

-- $ --
  1
 1111
1 1
 111
  1 1
1111
  1

-- % --
11    
11  1
   1
  1
 1
1  11
   11

-- & --
 11
1  1
1 1
 1
1 1 1
1  1
 11 1

-- ' --
  11
   1
  1





-- ( --
   1
  1
 1
 1
 1
  1
   1

-- ) --
 1
  1
   1
   1
   1
  1
 1

-- * --

  1
1 1 1
 111
1 1 1
  1


-- + --

  1
  1
11111
  1
  1


-- , --




  11
   1
  1

-- - --



11111




-- . --





  11
  11

-- / --

    1
   1
  1
 1
1


-- 0 --
 111
1   1
1  11
1 1 1
11  1
1   1
 111

-- 1 --
  1
 11
  1
  1
  1
  1
 111

-- 2 --
 111
1   1
    1
   1
  1
 1
11111

-- 3 --
11111
   1
  1
   1
    1
1   1
 111

-- 4 --
   1 
  11
 1 1
1  1
11111
   1
   1

-- 5 --
11111
1
1111
    1
    1
1   1
 111

-- 6 --
  11
 1
1
1111
1   1
1   1
 111

-- 7 --
11111
1   1
    1
   1
  1
  1
  1

-- 8 --
 111
1   1
1   1
 111
1   1
1   1
 111

-- 9 --
 111
1   1
1   1
 1111
    1
   1
 11

-- : --

 11
 11

 11
 11


-- ; --

 11
 11

 11
  1
 1

-- < --
   1
  1
 1
1
 1
  1
   1

-- = --


11111

11111



-- > --
1
 1
  1
   1
  1
 1
1

-- ? --
 111
1   1
    1
   1
  1

  1

-- @ --
 111
1   1
    1
 11 1
1 1 1
1 1 1
 111

-- A --
  1
 1 1
1   1
1   1
11111
1   1
1   1

-- B --
1111
1   1
1   1
1111
1   1
1   1
1111

-- C --
 111
1   1
1
1
1
1   1
 111

-- D --
111
1  1
1   1
1   1
1   1
1  1
111

-- E --
11111
1
1
1111
1
1
11111

-- F --
11111
1
1
1111
1
1
1

-- G --
 111
1   1
1
1 111
1   1
1   1
 1111

-- H --
1   1
1   1
1   1
11111
1   1
1   1
1   1

-- I --
 111
  1
  1
  1
  1
  1
 111

-- J --
  111
   1
   1
   1
   1
1  1
 11

-- K --
1   1
1  1
1 1
11
1 1
1  1
1   1

-- L --
1
1
1
1
1
1
11111

-- M --
1   1
11 11
1 1 1
1 1 1
1   1
1   1
1   1

-- N --
1   1
1   1
11  1
1 1 1
1  11
1   1
1   1

-- O --
 111
1   1
1   1
1   1
1   1
1   1
 111

-- P --
1111
1   1
1   1
1111
1
1
1

-- Q --
 111
1   1
1   1
1   1
1 1 1
1  1
 11 1

-- R --
1111
1   1
1   1
1111
1 1
1  1
1   1

-- S --
 111
1   1
1
 111
    1
1   1
 111

-- T --
11111
  1
  1
  1
  1
  1
  1

-- U --
1   1
1   1
1   1
1   1
1   1
1   1
 111

-- V --
1   1
1   1
1   1
1   1
1   1
 1 1
  1

-- W --
1   1
1   1
1   1
1 1 1
1 1 1
1 1 1
 1 1

-- X --
1   1
1   1
 1 1
  1
 1 1
1   1
1   1

-- Y --
1   1
1   1
1   1
 1 1
  1
  1
  1

-- Z --
11111
    1
   1
  1
 1
1
11111

-- [ --
 111
 1
 1
 1
 1
 1
 111

-- \ --

1
 1
  1
   1
    1


-- ] --
 111
   1
   1
   1
   1
   1
 111

-- ^ --
  1
 1 1
1   1





-- _ --






11111

-- ` --
 1
  1
   1





-- a --


 111
    1
 1111
1   1
 1111

-- b --
1
1
1 11
11  1
1   1
1   1
1111

-- c --


 111
1
1
1   1
 111

-- d --
    1
    1
 11 1
1  11
1   1
1   1
 1111

-- e --


 111
1   1
11111
1
 111

-- f --
  11
 1  1
 1
111
 1
 1
 1

-- g --


 1111
1   1
 1111
    1
 111

-- h --
1
1
1 11
11  1
1   1
1   1
1   1

-- i --
  1

  1
 11
  1
  1
 111

-- j --
    1

   11
    1
    1
 1  1
  11

-- k --
1
1
1  1
1 1
11
1 1
1  1

-- l --
  11
   1
   1
   1
   1
   1
  111

-- m --


11 1
1 1 1
1 1 1
1 1 1
1 1 1

-- n --


1 11
11  1
1   1
1   1
1   1

-- o --


 111
1   1
1   1
1   1
 111

-- p --


1111
1   1
1111
1
1

-- q --


 11 1
1  11
 1111
    1
    1

-- r --


1 11
11  1
1
1
1

-- s --


 111
1
 111
    1
1111

-- t --
 1
 1
111
 1
 1
 1  1
  11

-- u --


1   1
1   1
1   1
1  11
 11 1

-- v --


1   1
1   1
1   1
 1 1
  1

-- w --


1   1
1   1
1 1 1
1 1 1
 1 1

-- x --


1   1
 1 1
  1
 1 1
1   1

-- y --


1   1
1   1
 1111
    1
 111

-- z --


11111
   1
  1
 1
11111

-- { --
   1
  1
  1
 1
  1
  1
   1

-- | --
  1
  1
  1
  1
  1
  1
  1

-- } --
 1
  1
  1
   1
  1
  1
 1

-- ~ --


 11 1
1  1




-- EOF --