-- <- these are comments and symbol separators
--
-- This file was created manually by looking at:
-- https://fontstruct.com/fontstructions/show/1724841/hd44780-5x8
--
-- space --
               
               
               
               
               
               
               
               
               
               
               
               
               
               
               
               
               
               
               
               
               
               
               
               
-- ! --
      111      
      111      
      111      
      111      
      111      
      111      
      111      
      111      
      111      
      111      
      111      
      111      
               
               
               
               
               
               
      111      
      111      
      111      
               
               
               
-- " --
   111   111   
   111   111   
   111   111   
   111   111   
   111   111   
   111   111   
   111   111   
   111   111   
   111   111   
               
               
               
               
               
               
               
               
               
               
               
               
               
               
               
-- # --
   111   111   
   111   111   
   111   111   
   111   111   
   111   111   
   111   111   
111111111111111
111111111111111
111111111111111
   111   111   
   111   111   
   111   111   
111111111111111
111111111111111
111111111111111
   111   111   
   111   111   
   111   111   
   111   111   
   111   111   
   111   111   
               
               
               
-- $ --
      111      
      111      
      111      
   111111111111
   111111111111
   111111111111
111   111      
111   111      
111   111      
   111111111   
   111111111   
   111111111   
      111   111
      111   111
      111   111
111111111111   
111111111111   
111111111111   
      111      
      111      
      111      
               
               
               
-- % --
111111         
111111         
111111         
111111      111
111111      111
111111      111
         111   
         111   
         111   
      111      
      111      
      111      
   111         
   111         
   111         
111      111111
111      111111
111      111111
         111111
         111111
         111111
               
               
               
-- & --
   111111      
   111111      
   111111      
111      111   
111      111   
111      111   
111   111      
111   111      
111   111      
   111         
   111         
   111         
111   111   111
111   111   111
111   111   111
111      111   
111      111   
111      111   
   111111   111
   111111   111
   111111   111
               
               
               
-- ' --
      111111   
      111111   
      111111   
         111   
         111   
         111   
      111      
      111      
      111      
               
               
               
               
               
               
               
               
               
               
               
               
               
               
               
-- ( --
         111   
         111   
         111   
      111      
      111      
      111      
   111         
   111         
   111         
   111         
   111         
   111         
   111         
   111         
   111         
      111      
      111      
      111      
         111   
         111   
         111   
               
               
               
-- ) --
   111         
   111         
   111         
      111      
      111      
      111      
         111   
         111   
         111   
         111   
         111   
         111   
         111   
         111   
         111   
      111      
      111      
      111      
   111         
   111         
   111         
               
               
               
-- * --
               
               
               
      111      
      111      
      111      
111   111   111
111   111   111
111   111   111
   111111111   
   111111111   
   111111111   
111   111   111
111   111   111
111   111   111
      111      
      111      
      111      
               
               
               
               
               
               
-- + --
               
               
               
      111      
      111      
      111      
      111      
      111      
      111      
111111111111111
111111111111111
111111111111111
      111      
      111      
      111      
      111      
      111      
      111      
               
               
               
               
               
               
-- , --
               
               
               
               
               
               
               
               
               
               
               
               
      111111   
      111111   
      111111   
         111   
         111   
         111   
      111      
      111      
      111      
               
               
               
-- - --
               
               
               
               
               
               
               
               
               
111111111111111
111111111111111
111111111111111
               
               
               
               
               
               
               
               
               
               
               
               
-- . --
               
               
               
               
               
               
               
               
               
               
               
               
               
               
               
      111111   
      111111   
      111111   
      111111   
      111111   
      111111   
               
               
               
-- / --
               
               
               
            111
            111
            111
         111   
         111   
         111   
      111      
      111      
      111      
   111         
   111         
   111         
111            
111            
111            
               
               
               
               
               
               
-- 0 --
   111111111   
   111111111   
   111111111   
111         111
111         111
111         111
111      111111
111      111111
111      111111
111   111   111
111   111   111
111   111   111
111111      111
111111      111
111111      111
111         111
111         111
111         111
   111111111   
   111111111   
   111111111   
               
               
               
-- 1 --
      111      
      111      
      111      
   111111      
   111111      
   111111      
      111      
      111      
      111      
      111      
      111      
      111      
      111      
      111      
      111      
      111      
      111      
      111      
   111111111   
   111111111   
   111111111   
               
               
               
-- 2 --
   111111111   
   111111111   
   111111111   
111         111
111         111
111         111
            111
            111
            111
         111   
         111   
         111   
      111      
      111      
      111      
   111         
   111         
   111         
111111111111111
111111111111111
111111111111111
               
               
               
-- 3 --
111111111111111
111111111111111
111111111111111
         111   
         111   
         111   
      111      
      111      
      111      
         111   
         111   
         111   
            111
            111
            111
111         111
111         111
111         111
   111111111   
   111111111   
   111111111   
               
               
               
-- 4 --
         111   
         111   
         111   
      111111   
      111111   
      111111   
   111   111   
   111   111   
   111   111   
111      111   
111      111   
111      111   
111111111111111
111111111111111
111111111111111
         111   
         111   
         111   
         111   
         111   
         111   
               
               
               
-- 5 --
111111111111111
111111111111111
111111111111111
111            
111            
111            
111111111111   
111111111111   
111111111111   
            111
            111
            111
            111
            111
            111
111         111
111         111
111         111
   111111111   
   111111111   
   111111111   
               
               
               
-- 6 --
      111111   
      111111   
      111111   
   111         
   111         
   111         
111            
111            
111            
111111111111   
111111111111   
111111111111   
111         111
111         111
111         111
111         111
111         111
111         111
   111111111   
   111111111   
   111111111   
               
               
               
-- 7 --
111111111111111
111111111111111
111111111111111
111         111
111         111
111         111
            111
            111
            111
         111   
         111   
         111   
      111      
      111      
      111      
      111      
      111      
      111      
      111      
      111      
      111      
               
               
               
-- 8 --
   111111111   
   111111111   
   111111111   
111         111
111         111
111         111
111         111
111         111
111         111
   111111111   
   111111111   
   111111111   
111         111
111         111
111         111
111         111
111         111
111         111
   111111111   
   111111111   
   111111111   
               
               
               
-- 9 --
   111111111   
   111111111   
   111111111   
111         111
111         111
111         111
111         111
111         111
111         111
   111111111111
   111111111111
   111111111111
            111
            111
            111
         111   
         111   
         111   
   111111      
   111111      
   111111      
               
               
               
-- : --
               
               
               
   111111      
   111111      
   111111      
   111111      
   111111      
   111111      
               
               
               
   111111      
   111111      
   111111      
   111111      
   111111      
   111111      
               
               
               
               
               
               
-- ; --
               
               
               
   111111      
   111111      
   111111      
   111111      
   111111      
   111111      
               
               
               
   111111      
   111111      
   111111      
      111      
      111      
      111      
   111         
   111         
   111         
               
               
               
-- < --
         111   
         111   
         111   
      111      
      111      
      111      
   111         
   111         
   111         
111            
111            
111            
   111         
   111         
   111         
      111      
      111      
      111      
         111   
         111   
         111   
               
               
               
-- = --
               
               
               
               
               
               
111111111111111
111111111111111
111111111111111
               
               
               
111111111111111
111111111111111
111111111111111
               
               
               
               
               
               
               
               
               
-- > --
111            
111            
111            
   111         
   111         
   111         
      111      
      111      
      111      
         111   
         111   
         111   
      111      
      111      
      111      
   111         
   111         
   111         
111            
111            
111            
               
               
               
-- ? --
   111111111   
   111111111   
   111111111   
111         111
111         111
111         111
            111
            111
            111
         111   
         111   
         111   
      111      
      111      
      111      
               
               
               
      111      
      111      
      111      
               
               
               
-- @ --
   111111111   
   111111111   
   111111111   
111         111
111         111
111         111
            111
            111
            111
   111111   111
   111111   111
   111111   111
111   111   111
111   111   111
111   111   111
111   111   111
111   111   111
111   111   111
   111111111   
   111111111   
   111111111   
               
               
               
-- A --
      111      
      111      
      111      
   111   111   
   111   111   
   111   111   
111         111
111         111
111         111
111         111
111         111
111         111
111111111111111
111111111111111
111111111111111
111         111
111         111
111         111
111         111
111         111
111         111
               
               
               
-- B --
111111111111   
111111111111   
111111111111   
111         111
111         111
111         111
111         111
111         111
111         111
111111111111   
111111111111   
111111111111   
111         111
111         111
111         111
111         111
111         111
111         111
111111111111   
111111111111   
111111111111   
               
               
               
-- C --
   111111111   
   111111111   
   111111111   
111         111
111         111
111         111
111            
111            
111            
111            
111            
111            
111            
111            
111            
111         111
111         111
111         111
   111111111   
   111111111   
   111111111   
               
               
               
-- D --
111111111      
111111111      
111111111      
111      111   
111      111   
111      111   
111         111
111         111
111         111
111         111
111         111
111         111
111         111
111         111
111         111
111      111   
111      111   
111      111   
111111111      
111111111      
111111111      
               
               
               
-- E --
111111111111111
111111111111111
111111111111111
111            
111            
111            
111            
111            
111            
111111111111   
111111111111   
111111111111   
111            
111            
111            
111            
111            
111            
111111111111111
111111111111111
111111111111111
               
               
               
-- F --
111111111111111
111111111111111
111111111111111
111            
111            
111            
111            
111            
111            
111111111111   
111111111111   
111111111111   
111            
111            
111            
111            
111            
111            
111            
111            
111            
               
               
               
-- G --
   111111111   
   111111111   
   111111111   
111         111
111         111
111         111
111            
111            
111            
111   111111111
111   111111111
111   111111111
111         111
111         111
111         111
111         111
111         111
111         111
   111111111111
   111111111111
   111111111111
               
               
               
-- H --
111         111
111         111
111         111
111         111
111         111
111         111
111         111
111         111
111         111
111111111111111
111111111111111
111111111111111
111         111
111         111
111         111
111         111
111         111
111         111
111         111
111         111
111         111
               
               
               
-- I --
   111111111   
   111111111   
   111111111   
      111      
      111      
      111      
      111      
      111      
      111      
      111      
      111      
      111      
      111      
      111      
      111      
      111      
      111      
      111      
   111111111   
   111111111   
   111111111   
               
               
               
-- J --
      111111111
      111111111
      111111111
         111   
         111   
         111   
         111   
         111   
         111   
         111   
         111   
         111   
         111   
         111   
         111   
111      111   
111      111   
111      111   
   111111      
   111111      
   111111      
               
               
               
-- K --
111         111
111         111
111         111
111      111   
111      111   
111      111   
111   111      
111   111      
111   111      
111111         
111111         
111111         
111   111      
111   111      
111   111      
111      111   
111      111   
111      111   
111         111
111         111
111         111
               
               
               
-- L --
111            
111            
111            
111            
111            
111            
111            
111            
111            
111            
111            
111            
111            
111            
111            
111            
111            
111            
111111111111111
111111111111111
111111111111111
               
               
               
-- M --
111         111
111         111
111         111
111111   111111
111111   111111
111111   111111
111   111   111
111   111   111
111   111   111
111   111   111
111   111   111
111   111   111
111         111
111         111
111         111
111         111
111         111
111         111
111         111
111         111
111         111
               
               
               
-- N --
111         111
111         111
111         111
111         111
111         111
111         111
111111      111
111111      111
111111      111
111   111   111
111   111   111
111   111   111
111      111111
111      111111
111      111111
111         111
111         111
111         111
111         111
111         111
111         111
               
               
               
-- O --
   111111111   
   111111111   
   111111111   
111         111
111         111
111         111
111         111
111         111
111         111
111         111
111         111
111         111
111         111
111         111
111         111
111         111
111         111
111         111
   111111111   
   111111111   
   111111111   
               
               
               
-- P --
111111111111   
111111111111   
111111111111   
111         111
111         111
111         111
111         111
111         111
111         111
111111111111   
111111111111   
111111111111   
111            
111            
111            
111            
111            
111            
111            
111            
111            
               
               
               
-- Q --
   111111111   
   111111111   
   111111111   
111         111
111         111
111         111
111         111
111         111
111         111
111         111
111         111
111         111
111   111   111
111   111   111
111   111   111
111      111   
111      111   
111      111   
   111111   111
   111111   111
   111111   111
               
               
               
-- R --
111111111111   
111111111111   
111111111111   
111         111
111         111
111         111
111         111
111         111
111         111
111111111111   
111111111111   
111111111111   
111   111      
111   111      
111   111      
111      111   
111      111   
111      111   
111         111
111         111
111         111
               
               
               
-- S --
   111111111   
   111111111   
   111111111   
111         111
111         111
111         111
111            
111            
111            
   111111111   
   111111111   
   111111111   
            111
            111
            111
111         111
111         111
111         111
   111111111   
   111111111   
   111111111   
               
               
               
-- T --
111111111111111
111111111111111
111111111111111
      111      
      111      
      111      
      111      
      111      
      111      
      111      
      111      
      111      
      111      
      111      
      111      
      111      
      111      
      111      
      111      
      111      
      111      
               
               
               
-- U --
111         111
111         111
111         111
111         111
111         111
111         111
111         111
111         111
111         111
111         111
111         111
111         111
111         111
111         111
111         111
111         111
111         111
111         111
   111111111   
   111111111   
   111111111   
               
               
               
-- V --
111         111
111         111
111         111
111         111
111         111
111         111
111         111
111         111
111         111
111         111
111         111
111         111
111         111
111         111
111         111
   111   111   
   111   111   
   111   111   
      111      
      111      
      111      
               
               
               
-- W --
111         111
111         111
111         111
111         111
111         111
111         111
111         111
111         111
111         111
111   111   111
111   111   111
111   111   111
111   111   111
111   111   111
111   111   111
111   111   111
111   111   111
111   111   111
   111   111   
   111   111   
   111   111   
               
               
               
-- X --
111         111
111         111
111         111
111         111
111         111
111         111
   111   111   
   111   111   
   111   111   
      111      
      111      
      111      
   111   111   
   111   111   
   111   111   
111         111
111         111
111         111
111         111
111         111
111         111
               
               
               
-- Y --
111         111
111         111
111         111
111         111
111         111
111         111
111         111
111         111
111         111
   111   111   
   111   111   
   111   111   
      111      
      111      
      111      
      111      
      111      
      111      
      111      
      111      
      111      
               
               
               
-- Z --
111111111111111
111111111111111
111111111111111
            111
            111
            111
         111   
         111   
         111   
      111      
      111      
      111      
   111         
   111         
   111         
111            
111            
111            
111111111111111
111111111111111
111111111111111
               
               
               
-- [ --
   111111111   
   111111111   
   111111111   
   111         
   111         
   111         
   111         
   111         
   111         
   111         
   111         
   111         
   111         
   111         
   111         
   111         
   111         
   111         
   111111111   
   111111111   
   111111111   
               
               
               
-- \ --
               
               
               
111            
111            
111            
   111         
   111         
   111         
      111      
      111      
      111      
         111   
         111   
         111   
            111
            111
            111
               
               
               
               
               
               
-- ] --
   111111111   
   111111111   
   111111111   
         111   
         111   
         111   
         111   
         111   
         111   
         111   
         111   
         111   
         111   
         111   
         111   
         111   
         111   
         111   
   111111111   
   111111111   
   111111111   
               
               
               
-- ^ --
      111      
      111      
      111      
   111   111   
   111   111   
   111   111   
111         111
111         111
111         111
               
               
               
               
               
               
               
               
               
               
               
               
               
               
               
-- _ --
               
               
               
               
               
               
               
               
               
               
               
               
               
               
               
               
               
               
111111111111111
111111111111111
111111111111111
               
               
               
-- ` --
   111         
   111         
   111         
      111      
      111      
      111      
         111   
         111   
         111   
               
               
               
               
               
               
               
               
               
               
               
               
               
               
               
-- a --
               
               
               
               
               
               
   111111111   
   111111111   
   111111111   
            111
            111
            111
   111111111111
   111111111111
   111111111111
111         111
111         111
111         111
   111111111111
   111111111111
   111111111111
               
               
               
-- b --
111            
111            
111            
111            
111            
111            
111   111111   
111   111111   
111   111111   
111111      111
111111      111
111111      111
111         111
111         111
111         111
111         111
111         111
111         111
111111111111   
111111111111   
111111111111   
               
               
               
-- c --
               
               
               
               
               
               
   111111111   
   111111111   
   111111111   
111            
111            
111            
111            
111            
111            
111         111
111         111
111         111
   111111111   
   111111111   
   111111111   
               
               
               
-- d --
            111
            111
            111
            111
            111
            111
   111111   111
   111111   111
   111111   111
111      111111
111      111111
111      111111
111         111
111         111
111         111
111         111
111         111
111         111
   111111111111
   111111111111
   111111111111
               
               
               
-- e --
               
               
               
               
               
               
   111111111   
   111111111   
   111111111   
111         111
111         111
111         111
111111111111111
111111111111111
111111111111111
111            
111            
111            
   111111111   
   111111111   
   111111111   
               
               
               
-- f --
      111111   
      111111   
      111111   
   111      111
   111      111
   111      111
   111         
   111         
   111         
111111111      
111111111      
111111111      
   111         
   111         
   111         
   111         
   111         
   111         
   111         
   111         
   111         
               
               
               
-- g --
               
               
               
               
               
               
   111111111111
   111111111111
   111111111111
111         111
111         111
111         111
   111111111111
   111111111111
   111111111111
            111
            111
            111
   111111111   
   111111111   
   111111111   
               
               
               
-- h --
111            
111            
111            
111            
111            
111            
111   111111   
111   111111   
111   111111   
111111      111
111111      111
111111      111
111         111
111         111
111         111
111         111
111         111
111         111
111         111
111         111
111         111
               
               
               
-- i --
      111      
      111      
      111      
               
               
               
      111      
      111      
      111      
   111111      
   111111      
   111111      
      111      
      111      
      111      
      111      
      111      
      111      
   111111111   
   111111111   
   111111111   
               
               
               
-- j --
            111
            111
            111
               
               
               
         111111
         111111
         111111
            111
            111
            111
            111
            111
            111
   111      111
   111      111
   111      111
      111111   
      111111   
      111111   
               
               
               
-- k --
111            
111            
111            
111            
111            
111            
111      111   
111      111   
111      111   
111   111      
111   111      
111   111      
111111         
111111         
111111         
111   111      
111   111      
111   111      
111      111   
111      111   
111      111   
               
               
               
-- l --
      111111   
      111111   
      111111   
         111   
         111   
         111   
         111   
         111   
         111   
         111   
         111   
         111   
         111   
         111   
         111   
         111   
         111   
         111   
      111111111
      111111111
      111111111
               
               
               
-- m --
               
               
               
               
               
               
111111   111   
111111   111   
111111   111   
111   111   111
111   111   111
111   111   111
111   111   111
111   111   111
111   111   111
111   111   111
111   111   111
111   111   111
111   111   111
111   111   111
111   111   111
               
               
               
-- n --
               
               
               
               
               
               
111   111111   
111   111111   
111   111111   
111111      111
111111      111
111111      111
111         111
111         111
111         111
111         111
111         111
111         111
111         111
111         111
111         111
               
               
               
-- o --
               
               
               
               
               
               
   111111111   
   111111111   
   111111111   
111         111
111         111
111         111
111         111
111         111
111         111
111         111
111         111
111         111
   111111111   
   111111111   
   111111111   
               
               
               
-- p --
               
               
               
               
               
               
111111111111   
111111111111   
111111111111   
111         111
111         111
111         111
111111111111   
111111111111   
111111111111   
111            
111            
111            
111            
111            
111            
               
               
               
-- q --
               
               
               
               
               
               
   111111   111
   111111   111
   111111   111
111      111111
111      111111
111      111111
   111111111111
   111111111111
   111111111111
            111
            111
            111
            111
            111
            111
               
               
               
-- r --
               
               
               
               
               
               
111   111111   
111   111111   
111   111111   
111111      111
111111      111
111111      111
111            
111            
111            
111            
111            
111            
111            
111            
111            
               
               
               
-- s --
               
               
               
               
               
               
   111111111   
   111111111   
   111111111   
111            
111            
111            
   111111111   
   111111111   
   111111111   
            111
            111
            111
111111111111   
111111111111   
111111111111   
               
               
               
-- t --
   111         
   111         
   111         
   111         
   111         
   111         
111111111      
111111111      
111111111      
   111         
   111         
   111         
   111         
   111         
   111         
   111      111
   111      111
   111      111
      111111   
      111111   
      111111   
               
               
               
-- u --
               
               
               
               
               
               
111         111
111         111
111         111
111         111
111         111
111         111
111         111
111         111
111         111
111      111111
111      111111
111      111111
   111111   111
   111111   111
   111111   111
               
               
               
-- v --
               
               
               
               
               
               
111         111
111         111
111         111
111         111
111         111
111         111
111         111
111         111
111         111
   111   111   
   111   111   
   111   111   
      111      
      111      
      111      
               
               
               
-- w --
               
               
               
               
               
               
111         111
111         111
111         111
111         111
111         111
111         111
111   111   111
111   111   111
111   111   111
111   111   111
111   111   111
111   111   111
   111   111   
   111   111   
   111   111   
               
               
               
-- x --
               
               
               
               
               
               
111         111
111         111
111         111
   111   111   
   111   111   
   111   111   
      111      
      111      
      111      
   111   111   
   111   111   
   111   111   
111         111
111         111
111         111
               
               
               
-- y --
               
               
               
               
               
               
111         111
111         111
111         111
111         111
111         111
111         111
   111111111111
   111111111111
   111111111111
            111
            111
            111
   111111111   
   111111111   
   111111111   
               
               
               
-- z --
               
               
               
               
               
               
111111111111111
111111111111111
111111111111111
         111   
         111   
         111   
      111      
      111      
      111      
   111         
   111         
   111         
111111111111111
111111111111111
111111111111111
               
               
               
-- { --
         111   
         111   
         111   
      111      
      111      
      111      
      111      
      111      
      111      
   111         
   111         
   111         
      111      
      111      
      111      
      111      
      111      
      111      
         111   
         111   
         111   
               
               
               
-- | --
      111      
      111      
      111      
      111      
      111      
      111      
      111      
      111      
      111      
      111      
      111      
      111      
      111      
      111      
      111      
      111      
      111      
      111      
      111      
      111      
      111      
               
               
               
-- } --
   111         
   111         
   111         
      111      
      111      
      111      
      111      
      111      
      111      
         111   
         111   
         111   
      111      
      111      
      111      
      111      
      111      
      111      
   111         
   111         
   111         
               
               
               
-- ~ --
               
               
               
               
               
               
   111111   111
   111111   111
   111111   111
111      111   
111      111   
111      111   
               
               
               
               
               
               
               
               
               
               
               
               
-- EOF --
